total		 1634100  143966  136404       0
total		 1634100  143966  136404       0
total		 1634100  143966  136404       0
total		 1641296  146510  137160       0
total		 1641296  148310  137916       0
total		 1641296  148972  138464       0
total		 1641296  149662  139040       0
total		 1641296  149962  139332       0
total		 1644344  158522  147896       0
total		 1641296  160746  150092       0
total		 1641296  153896  143248       0
total		 1641296  154222  143592       0
total		 1641296  154510  143880       0
total		 1641296  154436  143788       0
total		 1641296  154210  143580       0
total		 1641296  153886  143236       0
total		 1641296  153054  142420       0
total		 1641296  152932  142280       0
total		 1641296  153606  142968       0
total		 1641296  160792  150136       0
total		 1641296  160796  150160       0
total		 1641296  158336  147688       0
total		 1641296  157736  147100       0
total		 1641296  156308  145540       0
total		 1641296  156310  145556       0
total		 1641296  156302  145548       0
total		 1641296  156464  145688       0
total		 1641296  157420  146664       0
total		 1641296  156178  145424       0
total		 1641296  155868  145088       0
total		 1641296  155734  144980       0
total		 1640268  155808  145028       0
total		 1640268  155980  145204       0
total		 1640268  157422  146668       0
total		 1640268  159496  148736       0
total		 1640268  158674  147892       0
total		 1640268  158678  147900       0
total		 1640268  157962  147204       0
total		 1640268  158436  147676       0
total		 1640268  158882  148124       0
total		 1640268  160512  149740       0
total		 1640268  160508  149748       0
total		 1640268  160548  149768       0
total		 1640268  163642  152884       0
total		 1640268  160560  149800       0
total		 1640268  160584  149804       0
total		 1640268  160566  149808       0
total		 1640268  160706  149948       0
total		 1640268  160732  149972       0
total		 1640268  160762  149980       0
total		 1640268  160756  149980       0
total		 1640268  161090  150332       0
total		 1640268  161104  150344       0
total		 1640268  161110  150352       0
total		 1640268  162012  151252       0
total		 1649220  176024  165252       0
total		 1649220  165810  155048       0
total		 1653188  179860  169080       0
total		 1653188  169594  158836       0
total		 1653188  168536  157776       0
total		 1653188  168558  157776       0
total		 1653188  168246  157464       0
total		 1653188  168338  157564       0
total		 1653188  168324  157564       0
total		 1653188  168486  157728       0
total		 1653188  168522  157748       0
total		 1653188  168510  157752       0
total		 1653188  168678  157920       0
total		 1653188  168786  158028       0
total		 1653188  168554  157792       0
total		 1653188  168578  157800       0
total		 1653188  168576  157804       0
total		 1653188  171792  161032       0
total		 1653188  171798  161040       0
total		 1653188  168538  157780       0
total		 1653188  168538  157780       0
total		 1653188  166278  155520       0
total		 1653188  165982  155204       0
total		 1653188  165964  155204       0
total		 1653188  165970  155212       0
total		 1653188  165982  155224       0
total		 1653188  165878  155120       0
total		 1653188  165882  155120       0
total		 1653188  165358  154596       0
total		 1653188  165354  154596       0
total		 1653188  165354  154596       0
total		 1653188  165534  154776       0
total		 1653188  165594  154820       0
total		 1653188  165586  154828       0
total		 1653188  165586  154828       0
total		 1653188  165758  155000       0
total		 1653188  164722  153948       0
total		 1653188  164726  153968       0
total		 1653188  164748  153972       0
total		 1653188  165910  155148       0
total		 1653188  165464  154704       0
total		 1653188  165478  154704       0
total		 1653188  165636  154876       0
total		 1653188  165634  154876       0
total		 1653188  165652  154880       0
total		 1653188  165642  154884       0
total		 1653188  165810  155052       0
total		 1653188  165836  155052       0
total		 1653188  165816  155056       0
total		 1653188  166114  155340       0
total		 1653188  165944  155168       0
total		 1653188  165786  155028       0
total		 1653188  167362  156600       0
total		 1653188  167420  156648       0
total		 1653188  166786  156028       0
total		 1653188  166794  156032       0
total		 1653188  166140  155368       0
total		 1653188  166346  155568       0
total		 1653188  166328  155568       0
total		 1653188  166352  155568       0
total		 1653188  166518  155744       0
total		 1653188  166524  155744       0
total		 1653188  166866  156088       0
total		 1653188  166846  156088       0
total		 1653188  166868  156088       0
total		 1653188  166846  156088       0
total		 1653188  166846  156088       0
total		 1653188  166846  156088       0
total		 1653188  166872  156088       0
total		 1653188  166846  156088       0
total		 1653188  166864  156080       0
total		 1653188  166848  156080       0
total		 1653188  166848  156080       0
total		 1653188  166838  156080       0
total		 1653188  166840  156080       0
total		 1653188  166838  156084       0
total		 1653188  166842  156084       0
total		 1653188  166840  156084       0
total		 1653188  166858  156084       0
total		 1653188  166842  156084       0
total		 1653188  166864  156084       0
total		 1653188  166856  156084       0
total		 1653188  166858  156080       0
total		 1653188  166838  156080       0
total		 1653188  166856  156080       0
total		 1653188  166862  156080       0
total		 1653188  166838  156080       0
total		 1653188  166864  156080       0
total		 1653188  166862  156080       0
total		 1653188  166856  156084       0
total		 1653188  166858  156084       0
total		 1653188  166840  156084       0
total		 1653188  166590  156084       0
total		 1653188  166568  156084       0
total		 1653188  166570  156084       0
total		 1653188  166570  156084       0
total		 1653188  166566  156080       0
total		 1653188  166570  156080       0
total		 1653188  166588  156080       0
total		 1651132  166058  155924       0
total		 1651132  166084  155920       0
total		 1651132  166062  155920       0
